[{"id": 0, "img_name": "0002.jpg", "width": 1920, "height": 1440, "position": [1.2109830349306807, -1.5742260749269228, 2.463393362175243], "rotation": [[0.7206096793554879, -0.6819335847826475, 0.12525284812996781], [-0.3822807647179269, -0.24006738581201809, 0.8923166854856303], [-0.5784315922785148, -0.6908937951775741, -0.43368497419125623]], "fy": 1672.4847194871586, "fx": 1672.4847194871586}, {"id": 1, "img_name": "0003.jpg", "width": 1920, "height": 1440, "position": [1.4352425203195962, -1.8934096708095975, 2.5321650752945377], "rotation": [[0.7220019232788831, -0.6812432810222556, 0.1209165614943867], [-0.35475302956529325, -0.21445243919387239, 0.9100332078215851], [-0.5940231567841777, -0.6999412428095876, -0.3965081913634691]], "fy": 1672.4847194871586, "fx": 1672.4847194871586}, {"id": 2, "img_name": "0004.jpg", "width": 1920, "height": 1440, "position": [1.4266530821582728, -2.1857751009903637, 2.358988877614515], "rotation": [[0.7283148352175638, -0.6801974349811232, 0.08299970028327577], [-0.3064658540199974, -0.21499541878571363, 0.9272840180985268], [-0.6128916552881158, -0.700791280872027, -0.3650416408191496]], "fy": 1672.4847194871586, "fx": 1672.4847194871586}, {"id": 3, "img_name": "0005.jpg", "width": 1920, "height": 1440, "position": [1.6950321636909587, -2.3274068155907646, 2.228166758952914], "rotation": [[0.7476663940270079, -0.6594779310685748, 0.0779988568901036], [-0.27287256581112146, -0.19801343963847773, 0.9414516666033335], [-0.6054217753519492, -0.7251755209299683, -0.32800142952987715]], "fy": 1672.4847194871586, "fx": 1672.4847194871586}, {"id": 4, "img_name": "0006.jpg", "width": 1920, "height": 1440, "position": [1.8532312548653753, -2.5985795134172576, 1.948849215464678], "rotation": [[0.7755049606048345, -0.6288414826290096, 0.05612883218313857], [-0.23978191562368825, -0.21112608171692537, 0.9475919008511483], [-0.5840348354483048, -0.7483208986416237, -0.31451413901296155]], "fy": 1672.4847194871586, "fx": 1672.4847194871586}, {"id": 5, "img_name": "0007.jpg", "width": 1920, "height": 1440, "position": [2.0147585713720972, -2.8401726436107317, 1.6659369956538959], "rotation": [[0.8021067297937913, -0.5958457153716138, 0.0399083636948379], [-0.2134922623044405, -0.2237008422226656, 0.9509884263885665], [-0.5577148446613572, -0.7713143436123564, -0.3066404007664328]], "fy": 1672.4847194871586, "fx": 1672.4847194871586}, {"id": 6, "img_name": "0008.jpg", "width": 1920, "height": 1440, "position": [2.3640986435460682, -2.9554365123968767, 1.3671083452867643], "rotation": [[0.8222121972197037, -0.5689540131064665, 0.0160758736370369], [-0.18405025716940843, -0.23903777775874963, 0.9534078055271172], [-0.5386024559719551, -0.7868622953059865, -0.3012559088993488]], "fy": 1672.4847194871586, "fx": 1672.4847194871586}, {"id": 7, "img_name": "0009.jpg", "width": 1920, "height": 1440, "position": [2.7234264714862912, -3.2873504353503766, 1.3519535780617657], "rotation": [[0.8482290575803255, -0.5296287314407722, -0.0009341888627638149], [-0.15373379940265602, -0.24790014024817664, 0.9565100309908716], [-0.5068267798741665, -0.8111959857502826, -0.29169793949394024]], "fy": 1672.4847194871586, "fx": 1672.4847194871586}, {"id": 8, "img_name": "0010.jpg", "width": 1920, "height": 1440, "position": [2.784949153135091, -3.3901979687244355, 1.358519478072398], "rotation": [[0.8625332384485631, -0.5049531031672336, -0.03253884099373124], [-0.11232024749340375, -0.2537675611468276, 0.9607217010730068], [-0.4933767065584418, -0.8249996294007487, -0.27559941384947295]], "fy": 1672.4847194871586, "fx": 1672.4847194871586}, {"id": 9, "img_name": "0011.jpg", "width": 1920, "height": 1440, "position": [2.8150288542572, -3.3402974895368445, 1.2667324378313456], "rotation": [[0.8770148708147394, -0.47798937122606916, -0.04869370970374926], [-0.08387071091625, -0.2520967153486374, 0.9640606567850547], [-0.47308627143493487, -0.8414115563179145, -0.26118187661944703]], "fy": 1672.4847194871586, "fx": 1672.4847194871586}, {"id": 10, "img_name": "0012.jpg", "width": 1920, "height": 1440, "position": [3.2104044709758734, -3.477428581987049, 1.044183873174717], "rotation": [[0.8934253247388715, -0.44304406774210536, -0.07418317298263137], [-0.045652670080124295, -0.2538364800139659, 0.966169175211399], [-0.4468859170188714, -0.8598133491942588, -0.24701008424263615]], "fy": 1672.4847194871586, "fx": 1672.4847194871586}, {"id": 11, "img_name": "0013.jpg", "width": 1920, "height": 1440, "position": [3.4622481077298892, -3.4226602020255283, 0.8301027000731688], "rotation": [[0.9079951682543932, -0.4041435728954464, -0.11051129767575457], [0.0035037867509829165, -0.2564287315151157, 0.9665567904329017], [-0.41896598657299117, -0.8780161035771791, -0.23142001632112214]], "fy": 1672.4847194871586, "fx": 1672.4847194871586}, {"id": 12, "img_name": "0014.jpg", "width": 1920, "height": 1440, "position": [4.011154235553495, -3.1618754990074174, 0.5854987100802231], "rotation": [[0.9116566901624799, -0.3895174934297714, -0.1309893186262926], [0.03098685508979731, -0.2526824446948811, 0.9670529442355585], [-0.4097827401119236, -0.8856792333882545, -0.21828971906884972]], "fy": 1672.4847194871586, "fx": 1672.4847194871586}, {"id": 13, "img_name": "0015.jpg", "width": 1920, "height": 1440, "position": [4.42586676862436, -3.009451256635828, 0.4095722284442619], "rotation": [[0.9179297682786766, -0.36254015032666004, -0.16115079866068885], [0.06974563727021182, -0.25240219518485263, 0.9651055268454529], [-0.3905643181213911, -0.89713865777091, -0.20640189471848971]], "fy": 1672.4847194871586, "fx": 1672.4847194871586}, {"id": 14, "img_name": "0016.jpg", "width": 1920, "height": 1440, "position": [4.6287212259580235, -3.195566296794705, 0.2798936500995057], "rotation": [[0.9235063727826689, -0.31532489331939534, -0.21841746972920834], [0.14318350158095586, -0.24487401711462792, 0.9589239806247213], [-0.3558573651125042, -0.9168461852433354, -0.1809933929731389]], "fy": 1672.4847194871586, "fx": 1672.4847194871586}, {"id": 15, "img_name": "0017.jpg", "width": 1920, "height": 1440, "position": [5.066475262894875, -3.072844952670255, 0.14418642942484008], "rotation": [[0.9188622254213099, -0.26909956110516986, -0.2885786494299307], [0.22884731941045958, -0.23234009922616264, 0.9453290340882504], [-0.3214360202162244, -0.9346675903788374, -0.15190582741611044]], "fy": 1672.4847194871586, "fx": 1672.4847194871586}, {"id": 16, "img_name": "0018.jpg", "width": 1920, "height": 1440, "position": [5.224632354572384, -2.9405913989681705, 0.08662927006000505], "rotation": [[0.9055360269910555, -0.2388602335313208, -0.35064268516342595], [0.3012191050194469, -0.22006994702040222, 0.9278126261210938], [-0.2987834576955992, -0.9457880350563758, -0.12733199971594658]], "fy": 1672.4847194871586, "fx": 1672.4847194871586}, {"id": 17, "img_name": "0019.jpg", "width": 1920, "height": 1440, "position": [5.571264501086978, -2.61788280294089, -0.19379514183844632], "rotation": [[0.9016191224601637, -0.20876531120587444, -0.3788139422609451], [0.33842927426199637, -0.20489032328884807, 0.9184147111981004], [-0.2693484440954927, -0.9562619935246333, -0.11408074072178657]], "fy": 1672.4847194871586, "fx": 1672.4847194871586}, {"id": 18, "img_name": "0020.jpg", "width": 1920, "height": 1440, "position": [5.692993399242461, -2.3361601150616886, -0.25832996331048386], "rotation": [[0.900794248671621, -0.16933957274512768, -0.3998672663054925], [0.37015691812184215, -0.18204267056815032, 0.9109579145377442], [-0.22705412906765163, -0.968599285150941, -0.10130077629720642]], "fy": 1672.4847194871586, "fx": 1672.4847194871586}, {"id": 19, "img_name": "0021.jpg", "width": 1920, "height": 1440, "position": [5.949156845394548, -2.4329200936452686, -0.1624364096633476], "rotation": [[0.8947436595846784, -0.12663556735372453, -0.4282490125079301], [0.40863274295184976, -0.15467403676592043, 0.8994972060758066], [-0.1801473425301206, -0.9798159905979973, -0.08664617445565852]], "fy": 1672.4847194871586, "fx": 1672.4847194871586}, {"id": 20, "img_name": "0022.jpg", "width": 1920, "height": 1440, "position": [5.836172562431, -2.36290512884146, -0.014690973763693455], "rotation": [[0.8770626349997654, -0.09846137094530749, -0.47017708655233165], [0.45723811934272895, -0.1289944888741234, 0.8799396138713312], [-0.14729031369099846, -0.9867450431958976, -0.06811595423344734]], "fy": 1672.4847194871586, "fx": 1672.4847194871586}, {"id": 21, "img_name": "0023.jpg", "width": 1920, "height": 1440, "position": [6.490480843990527, -2.2617686862979864, -0.13010839129619706], "rotation": [[0.8644288433672932, -0.09816705913040154, -0.49307809042419637], [0.48199068573305875, -0.11713371039252024, 0.8683113915849872], [-0.14299564196596945, -0.9882524588339608, -0.05393814964726578]], "fy": 1672.4847194871586, "fx": 1672.4847194871586}, {"id": 22, "img_name": "0024.jpg", "width": 1920, "height": 1440, "position": [6.360264860635633, -2.167574841312781, -0.09194684181049181], "rotation": [[0.8524093112174245, -0.08787990386652571, -0.5154371820564033], [0.5073893085217543, -0.09911180212620106, 0.8559982127768221], [-0.12631094864520578, -0.9911881623464373, -0.03989449932811801]], "fy": 1672.4847194871586, "fx": 1672.4847194871586}, {"id": 23, "img_name": "0025.jpg", "width": 1920, "height": 1440, "position": [6.390471309214256, -2.2282481998446326, -0.4473036561340723], "rotation": [[0.8019418242005444, -0.028384225384008643, -0.5967274472883355], [0.5954713639614, -0.04226328081797986, 0.8022640898086184], [-0.0479913044191675, -0.9987032346217023, -0.016990699111467257]], "fy": 1672.4847194871586, "fx": 1672.4847194871586}, {"id": 24, "img_name": "0026.jpg", "width": 1920, "height": 1440, "position": [6.614681396182613, -2.1434470712552476, -0.9137696275341375], "rotation": [[0.7863665274996461, -0.007539010372276725, -0.6177142120355944], [0.6174862723151018, -0.020182842689210927, 0.7863226795428088], [-0.018395323605433833, -0.9997678811522152, -0.011215876508864391]], "fy": 1672.4847194871586, "fx": 1672.4847194871586}, {"id": 25, "img_name": "0027.jpg", "width": 1920, "height": 1440, "position": [7.052810663258597, -2.271368232123844, -0.8926257211477977], "rotation": [[0.7828306898355294, 1.4928323904372926e-05, -0.6222347714719697], [0.622234771622405, -9.186571576821899e-06, 0.7828306898043921], [5.970145833977811e-06, -0.999999999846376, -1.648045238004936e-05]], "fy": 1672.4847194871586, "fx": 1672.4847194871586}, {"id": 26, "img_name": "0028.jpg", "width": 1920, "height": 1440, "position": [7.6662570035834605, -1.9179866413598592, -1.3442528622968979], "rotation": [[0.768695572920235, 0.0176661207033868, -0.6393708034874013], [0.639008326906464, 0.02230987006164283, 0.768876211000207], [0.02784733949650459, -0.9995950069288696, 0.005860700115211623]], "fy": 1672.4847194871586, "fx": 1672.4847194871586}, {"id": 27, "img_name": "0029.jpg", "width": 1920, "height": 1440, "position": [8.005246840673935, -1.6572976613294264, -1.3991534851416845], "rotation": [[0.7456664547155571, 0.025639916800398017, -0.6658259029043557], [0.6640126012709849, 0.054483059026833335, 0.7457337739652256], [0.05539678388924775, -0.998185449175426, 0.02360096161559336]], "fy": 1672.4847194871586, "fx": 1672.4847194871586}, {"id": 28, "img_name": "0030.jpg", "width": 1920, "height": 1440, "position": [8.160005463661838, -0.8794646580760046, -1.6597223185734713], "rotation": [[0.6756456753749049, 0.054233854636151366, -0.7352289509795524], [0.7306338383598391, 0.08381494188065612, 0.6776055266606893], [0.09837233142889555, -0.9950043942258981, 0.01700411363160349]], "fy": 1672.4847194871586, "fx": 1672.4847194871586}, {"id": 29, "img_name": "0031.jpg", "width": 1920, "height": 1440, "position": [8.451017232563805, -0.4076072010633851, -1.593171099562951], "rotation": [[0.6126323757382388, 0.07698645994685155, -0.7866095964213589], [0.7755707997252379, 0.13312362840204772, 0.617064043819301], [0.15222189990561857, -0.9881048449157231, 0.021847394425846302]], "fy": 1672.4847194871586, "fx": 1672.4847194871586}, {"id": 30, "img_name": "0032.jpg", "width": 1920, "height": 1440, "position": [8.545899584085605, -0.02086425516091209, -1.4376298027515497], "rotation": [[0.5768050775070961, 0.0775200745158527, -0.8131952659780366], [0.800150233280486, 0.1468329129119842, 0.5815493958959683], [0.16448558217429549, -0.9861190261488918, 0.02266626400500959]], "fy": 1672.4847194871586, "fx": 1672.4847194871586}, {"id": 31, "img_name": "0033.jpg", "width": 1920, "height": 1440, "position": [8.90071363339981, 0.23202711891083086, -1.3671805410194333], "rotation": [[0.5206447311480744, 0.08201855972819566, -0.8498246994456338], [0.8330956229955615, 0.16893449943830208, 0.5266999315029084], [0.18676388000196162, -0.9822087816547167, 0.01962555392772948]], "fy": 1672.4847194871586, "fx": 1672.4847194871586}, {"id": 32, "img_name": "0034.jpg", "width": 1920, "height": 1440, "position": [8.653082832851153, 0.2728328917616875, -1.4877323389274455], "rotation": [[0.46407529486598, 0.10351085462470597, -0.8797270165624772], [0.8523066723185737, 0.2183218575249726, 0.47529875115350895], [0.2412622163047778, -0.9703716141261083, 0.013094788352555273]], "fy": 1672.4847194871586, "fx": 1672.4847194871586}, {"id": 33, "img_name": "0035.jpg", "width": 1920, "height": 1440, "position": [8.87228689516571, 0.5436378474944173, -1.4947012344716604], "rotation": [[0.4615207971918106, 0.10978879015520988, -0.8803095906075834], [0.8511660520074217, 0.22487362442305425, 0.4742870491052208], [0.2500298095618491, -0.9681829757825193, 0.010335363340058489]], "fy": 1672.4847194871586, "fx": 1672.4847194871586}, {"id": 34, "img_name": "0036.jpg", "width": 1920, "height": 1440, "position": [8.677205694206299, 0.9638856136521899, -1.3224593451158517], "rotation": [[0.4714577789260938, 0.10594061778838569, -0.8755022262636969], [0.8472016665323192, 0.22128224625854268, 0.4829943102311198], [0.2449018148461458, -0.9694383698788638, 0.014572168393045645]], "fy": 1672.4847194871586, "fx": 1672.4847194871586}, {"id": 35, "img_name": "0037.jpg", "width": 1920, "height": 1440, "position": [8.529735495935073, 1.1143474113448555, -1.3937953574267348], "rotation": [[0.4850392055384308, 0.11884958617293122, -0.8663785229085328], [0.8391778549144708, 0.21544127949556696, 0.4993651799139185], [0.24600304248483415, -0.9692573605373525, 0.004761526264639865]], "fy": 1672.4847194871586, "fx": 1672.4847194871586}, {"id": 36, "img_name": "0038.jpg", "width": 1920, "height": 1440, "position": [9.184319735035801, 1.0812801031557657, -1.0155157126218188], "rotation": [[0.46245401611819154, 0.13850240102572686, -0.8757587384013157], [0.8374288294501011, 0.2562668586188099, 0.4827424290234703], [0.2912889262948193, -0.956631790232666, 0.0025257343992584527]], "fy": 1672.4847194871586, "fx": 1672.4847194871586}, {"id": 37, "img_name": "0039.jpg", "width": 1920, "height": 1440, "position": [9.600071658833311, 1.2432996285764069, -1.3120644279833922], "rotation": [[0.40291988609942647, 0.15223063746104462, -0.9024862316976527], [0.8572383519202924, 0.28266514350119654, 0.43039844870355776], [0.3206212303990585, -0.9470619038202586, -0.016606533345101284]], "fy": 1672.4847194871586, "fx": 1672.4847194871586}, {"id": 38, "img_name": "0040.jpg", "width": 1920, "height": 1440, "position": [10.38717216966425, 1.7507836029193458, -0.9264877285450968], "rotation": [[0.31938999437320365, 0.14790659868523542, -0.9360094388197425], [0.8769679812938491, 0.3281180036669433, 0.35109220363746374], [0.35905040214387113, -0.9329856449779834, -0.024911743924098565]], "fy": 1672.4847194871586, "fx": 1672.4847194871586}, {"id": 39, "img_name": "0041.jpg", "width": 1920, "height": 1440, "position": [10.280568867382776, 1.9848760647697616, -1.2177536382703344], "rotation": [[0.2874940136375061, 0.14786975618145645, -0.9462989629759899], [0.8800847243789662, 0.3490276782535329, 0.32191700440912996], [0.3778863189338786, -0.9253724736665689, -0.02979454552125369]], "fy": 1672.4847194871586, "fx": 1672.4847194871586}, {"id": 40, "img_name": "0042.jpg", "width": 1920, "height": 1440, "position": [10.403798065920878, 2.6011744774978327, -1.1410537162997456], "rotation": [[0.23727129008660452, 0.1594723801319077, -0.958264522392279], [0.8875845764495555, 0.36534115879851276, 0.28056987959619456], [0.3948366175388266, -0.9171119875254189, -0.054860256904923695]], "fy": 1672.4847194871586, "fx": 1672.4847194871586}, {"id": 41, "img_name": "0043.jpg", "width": 1920, "height": 1440, "position": [9.9012529474288, 2.7474437873925392, -1.107395670449739], "rotation": [[0.15799206558577897, 0.17065287812678914, -0.9725821828508797], [0.8924506383555062, 0.3968332350564865, 0.2146048500231361], [0.42257586929542995, -0.9018874534783408, -0.0896027675217961]], "fy": 1672.4847194871586, "fx": 1672.4847194871586}, {"id": 42, "img_name": "0044.jpg", "width": 1920, "height": 1440, "position": [10.145747126462972, 2.8745125645220977, -0.6777718672898327], "rotation": [[0.10434610206185096, 0.17972584609183342, -0.9781669137887828], [0.8750277752034481, 0.45087138674004945, 0.17618565560683067], [0.4726925889063649, -0.874307504752006, -0.11021843551474884]], "fy": 1672.4847194871586, "fx": 1672.4847194871586}, {"id": 43, "img_name": "0045.jpg", "width": 1920, "height": 1440, "position": [10.148534266483145, 3.417464775855464, -0.5509557984530905], "rotation": [[0.07679353190249416, 0.17800535981346735, -0.9810284630608933], [0.8722155404121062, 0.4647089995031156, 0.15259618882668935], [0.48305569505136575, -0.8673866713631767, -0.11957239572723624]], "fy": 1672.4847194871586, "fx": 1672.4847194871586}, {"id": 44, "img_name": "0046.jpg", "width": 1920, "height": 1440, "position": [9.957638325068455, 3.6935317765418314, -0.33115325406465107], "rotation": [[0.0412281145158031, 0.17092317447578245, -0.9844214092555043], [0.8687405000744999, 0.48055472495732543, 0.1198211160501237], [0.4935485650913999, -0.8601467460545964, -0.1286755188367613]], "fy": 1672.4847194871586, "fx": 1672.4847194871586}, {"id": 45, "img_name": "0047.jpg", "width": 1920, "height": 1440, "position": [10.07734576680396, 4.0801481162251845, -0.19208420251103875], "rotation": [[0.0038279710232069207, 0.15734935632549746, -0.9875355824990797], [0.8547516103541446, 0.5120464914270433, 0.08490038406421445], [0.519023150962307, -0.8444226256331637, -0.1325345165756896]], "fy": 1672.4847194871586, "fx": 1672.4847194871586}, {"id": 46, "img_name": "0048.jpg", "width": 1920, "height": 1440, "position": [9.91102146595162, 4.440912789688669, 0.06697316475422199], "rotation": [[-0.07326790863283679, 0.14005210843853658, -0.9874296028003672], [0.8421987638689478, 0.5389865365503002, 0.013955484768671419], [0.5341657567667427, -0.830589501703117, -0.15744212891847187]], "fy": 1672.4847194871586, "fx": 1672.4847194871586}, {"id": 47, "img_name": "0049.jpg", "width": 1920, "height": 1440, "position": [9.74043598467409, 4.746261618102726, 0.11388333603841512], "rotation": [[-0.12868161170399228, 0.12369201255487604, -0.9839417304085579], [0.8165259802767131, 0.5762863848591873, -0.0343413185402275], [0.5627844759252123, -0.8078330821748098, -0.17515520261051706]], "fy": 1672.4847194871586, "fx": 1672.4847194871586}, {"id": 48, "img_name": "0050.jpg", "width": 1920, "height": 1440, "position": [9.578125193824663, 4.944759973617009, 0.08816171826698276], "rotation": [[-0.15422881037215275, 0.10959657668468516, -0.9819379127165772], [0.8001245988020312, 0.5969203597878515, -0.05904837392028667], [0.5796672325076505, -0.7947796389249913, -0.17975323392690745]], "fy": 1672.4847194871586, "fx": 1672.4847194871586}]